auprc = 0.9980672084463135
auroc = 0.9973178248264364
eval_loss = 0.0976350622351339
fn = 701
fp = 401
mcc = 0.9629417667181228
tn = 26599
tp = 32220
